Source,Target,Cosine_similarity
0,1,0.87719977
0,2,0.791145
0,3,0.8960995
0,4,0.92298454
0,5,0.8977415
0,6,0.935734
0,7,0.9570477
0,8,0.9019414
0,9,0.9199215
0,10,0.8946274
0,11,0.9478532
0,12,0.95021474
0,13,0.9008345
0,14,0.8243694
0,15,0.90487736
0,16,0.92466515
0,17,0.91059583
0,18,0.80526143
0,19,0.9377023
0,20,0.91997993
0,21,0.926568
0,22,0.9092691
0,23,0.89994925
0,24,0.9578956
0,25,0.85399276
0,26,0.9336445
0,27,0.9365162
0,28,0.86625004
0,29,0.8199608
0,30,0.92574495
0,31,0.747859
0,32,0.81881917
0,33,0.93441373
0,34,0.8829308
0,35,0.5854445
0,36,0.74472195
0,37,0.90804154
0,38,0.96123534
0,39,0.95907605
0,40,0.93591326
0,41,0.93455166
0,42,0.88384295
0,43,0.8501816
0,44,0.89688855
0,45,0.9020648
0,46,0.96026295
0,47,0.9142241
0,48,0.83334947
0,49,0.9447524
0,50,0.8644063
0,51,0.8908182
0,52,0.951049
0,53,0.80019873
0,54,0.8663088
0,55,0.93227655
0,56,0.93678814
0,57,0.9387154
0,58,0.92726266
0,59,0.9495953
0,60,0.87862355
0,61,0.8719051
0,62,0.8550178
0,63,0.92222553
0,64,0.83276284
0,65,0.9440553
0,66,0.86409724
0,67,0.90843105
0,68,0.85735697
0,69,0.9516072
0,70,0.9209189
0,71,0.88347405
0,72,0.96407175
0,73,0.90700394
0,74,0.9127114
0,75,0.9433894
0,76,0.9114418
0,77,0.9088225
0,78,0.9316592
0,79,0.83818513
0,80,0.91194785
0,81,0.9535649
0,82,0.91400135
0,83,0.94431275
0,84,0.92598736
0,85,0.9419147
0,86,0.90265423
0,87,0.9398919
0,88,0.9237941
0,89,0.8877392
0,90,0.88567096
0,91,0.9622433
0,92,0.9496873
0,93,0.7894448
0,94,0.7585366
0,95,0.897767
0,96,0.91554594
0,97,0.88310087
0,98,0.87819165
0,99,0.9406269
1,0,0.87719977
1,2,0.68867654
1,3,0.8341485
1,4,0.88563275
1,5,0.81790304
1,6,0.8204922
1,7,0.93184584
1,8,0.9047422
1,9,0.9029102
1,10,0.8182346
1,11,0.8104528
1,12,0.8639243
1,13,0.9207437
1,14,0.7129113
1,15,0.78154874
1,16,0.81127477
1,17,0.79361963
1,18,0.7739243
1,19,0.8875057
1,20,0.8259987
1,21,0.8610422
1,22,0.77571094
1,23,0.8172818
1,24,0.8693319
1,25,0.8226471
1,26,0.8352938
1,27,0.91032404
1,28,0.8801133
1,29,0.73329717
1,30,0.9486642
1,31,0.6301526
1,32,0.84804356
1,33,0.7913987
1,34,0.7711897
1,35,0.61681825
1,36,0.64113075
1,37,0.83893454
1,38,0.828424
1,39,0.8459682
1,40,0.8990895
1,41,0.7996158
1,42,0.78449583
1,43,0.78165805
1,44,0.82065904
1,45,0.864727
1,46,0.85628647
1,47,0.8785342
1,48,0.73151076
1,49,0.8022291
1,50,0.93959224
1,51,0.8056713
1,52,0.87557924
1,53,0.7188981
1,54,0.7999023
1,55,0.89114076
1,56,0.86454237
1,57,0.86101806
1,58,0.90343165
1,59,0.8285478
1,60,0.7925181
1,61,0.86683565
1,62,0.7892951
1,63,0.8549961
1,64,0.7712346
1,65,0.80040854
1,66,0.7649495
1,67,0.93857324
1,68,0.65026623
1,69,0.8314389
1,70,0.8960969
1,71,0.8456043
1,72,0.8533721
1,73,0.82382977
1,74,0.7626438
1,75,0.83233964
1,76,0.8571478
1,77,0.9174378
1,78,0.8132761
1,79,0.85075307
1,80,0.8302906
1,81,0.86741
1,82,0.7867702
1,83,0.9127767
1,84,0.9565369
1,85,0.9357664
1,86,0.9505137
1,87,0.8824645
1,88,0.8168246
1,89,0.81534016
1,90,0.887979
1,91,0.9376099
1,92,0.8784494
1,93,0.7304305
1,94,0.643704
1,95,0.8429474
1,96,0.85391957
1,97,0.8604929
1,98,0.79452497
1,99,0.8479123
2,0,0.791145
2,1,0.68867654
2,3,0.53506684
2,4,0.8225102
2,5,0.94280714
2,6,0.91554683
2,7,0.77663964
2,8,0.78555226
2,9,0.73603946
2,10,0.69761676
2,11,0.86444163
2,12,0.90154624
2,13,0.68920314
2,14,0.4429427
2,15,0.9092486
2,16,0.8894623
2,17,0.93164724
2,18,0.961188
2,19,0.7258766
2,20,0.9299977
2,21,0.8774296
2,22,0.607084
2,23,0.5815248
2,24,0.8527825
2,25,0.9468832
2,26,0.66211784
2,27,0.8111653
2,28,0.83147764
2,29,0.43223834
2,30,0.7786457
2,31,0.27512816
2,32,0.73323053
2,33,0.92046034
2,34,0.53829634
2,35,0.20287295
2,36,0.26881322
2,37,0.8402125
2,38,0.7886427
2,39,0.7970444
2,40,0.63092107
2,41,0.7816363
2,42,0.93805724
2,43,0.50897634
2,44,0.777043
2,45,0.6166339
2,46,0.8081671
2,47,0.6054132
2,48,0.8833996
2,49,0.7704262
2,50,0.7179339
2,51,0.51505303
2,52,0.79922235
2,53,0.8077802
2,54,0.96854043
2,55,0.8615002
2,56,0.6227728
2,57,0.87381804
2,58,0.86105466
2,59,0.88289696
2,60,0.9286036
2,61,0.8824466
2,62,0.9701103
2,63,0.64584404
2,64,0.8665178
2,65,0.748211
2,66,0.95475996
2,67,0.77990717
2,68,0.5638027
2,69,0.85024714
2,70,0.6174904
2,71,0.9293328
2,72,0.783949
2,73,0.5498152
2,74,0.83765745
2,75,0.9047463
2,76,0.6771458
2,77,0.86680627
2,78,0.72450876
2,79,0.9015678
2,80,0.6665684
2,81,0.9089534
2,82,0.6363352
2,83,0.8721097
2,84,0.76207685
2,85,0.83071274
2,86,0.7927005
2,87,0.6509294
2,88,0.7658316
2,89,0.51135933
2,90,0.80663145
2,91,0.81339717
2,92,0.8590061
2,93,0.4318815
2,94,0.38202673
2,95,0.8804061
2,96,0.90139353
2,97,0.9010576
2,98,0.96202487
2,99,0.63466924
3,0,0.8960995
3,1,0.8341485
3,2,0.53506684
3,4,0.79371905
3,5,0.7272361
3,6,0.7743781
3,7,0.8935155
3,8,0.8086859
3,9,0.83098817
3,10,0.80389655
3,11,0.85033387
3,12,0.8130591
3,13,0.91406476
3,14,0.9628671
3,15,0.7124196
3,16,0.7509572
3,17,0.7492597
3,18,0.5612934
3,19,0.865181
3,20,0.7578106
3,21,0.7630237
3,22,0.94939786
3,23,0.91880447
3,24,0.8672246
3,25,0.6380899
3,26,0.9243937
3,27,0.8233804
3,28,0.7614607
3,29,0.96644884
3,30,0.8778113
3,31,0.9247872
3,32,0.7869167
3,33,0.76697975
3,34,0.96563745
3,35,0.8011022
3,36,0.88687074
3,37,0.76196814
3,38,0.90420496
3,39,0.90756977
3,40,0.95012563
3,41,0.83568794
3,42,0.6706986
3,43,0.85532004
3,44,0.7659841
3,45,0.96613073
3,46,0.87748206
3,47,0.91201925
3,48,0.6198114
3,49,0.91224104
3,50,0.8213074
3,51,0.9697842
3,52,0.8488732
3,53,0.57743174
3,54,0.6395356
3,55,0.78229105
3,56,0.9539457
3,57,0.78446543
3,58,0.7681213
3,59,0.82050145
3,60,0.7353909
3,61,0.7418659
3,62,0.6191919
3,63,0.95801795
3,64,0.60739464
3,65,0.89136016
3,66,0.63740134
3,67,0.851388
3,68,0.8811308
3,69,0.82944185
3,70,0.9629906
3,71,0.72398454
3,72,0.9325214
3,73,0.9650075
3,74,0.758951
3,75,0.799524
3,76,0.85055256
3,77,0.7555629
3,78,0.856485
3,79,0.6469024
3,80,0.87222224
3,81,0.8001553
3,82,0.9617272
3,83,0.8239367
3,84,0.85939616
3,85,0.8470563
3,86,0.82404643
3,87,0.9436196
3,88,0.837615
3,89,0.9823888
3,90,0.7494123
3,91,0.8756266
3,92,0.8025291
3,93,0.92469835
3,94,0.91440314
3,95,0.7808805
3,96,0.7330825
3,97,0.71617097
3,98,0.6517291
3,99,0.95775086
4,0,0.92298454
4,1,0.88563275
4,2,0.8225102
4,3,0.79371905
4,5,0.86453503
4,6,0.9309098
4,7,0.9175704
4,8,0.85246664
4,9,0.9317751
4,10,0.9270061
4,11,0.9181757
4,12,0.91844624
4,13,0.8254828
4,14,0.66783184
4,15,0.944809
4,16,0.95551765
4,17,0.85445017
4,18,0.8397534
4,19,0.9419618
4,20,0.8849409
4,21,0.96285313
4,22,0.80778104
4,23,0.850892
4,24,0.9181758
4,25,0.9237803
4,26,0.8750299
4,27,0.97016716
4,28,0.8143381
4,29,0.6714466
4,30,0.88377684
4,31,0.62884796
4,32,0.74826837
4,33,0.9101134
4,34,0.76301646
4,35,0.39176214
4,36,0.6197226
4,37,0.96838933
4,38,0.9053934
4,39,0.89659494
4,40,0.8928147
4,41,0.9210856
4,42,0.90931183
4,43,0.8455028
4,44,0.9184265
4,45,0.7992043
4,46,0.90687996
4,47,0.8876973
4,48,0.9050616
4,49,0.83612835
4,50,0.82873034
4,51,0.80285543
4,52,0.93270063
4,53,0.88291734
4,54,0.895616
4,55,0.9561978
4,56,0.88101786
4,57,0.9675777
4,58,0.95667493
4,59,0.9202054
4,60,0.8456684
4,61,0.8532869
4,62,0.8999826
4,63,0.84043896
4,64,0.9160747
4,65,0.92139053
4,66,0.9077716
4,67,0.86225826
4,68,0.75102305
4,69,0.9230408
4,70,0.83834535
4,71,0.8608678
4,72,0.8994847
4,73,0.8312131
4,74,0.9051147
4,75,0.9421871
4,76,0.91478574
4,77,0.94327956
4,78,0.90827066
4,79,0.92705375
4,80,0.8950823
4,81,0.9492963
4,82,0.835101
4,83,0.91981524
4,84,0.9510245
4,85,0.96130884
4,86,0.923862
4,87,0.8789692
4,88,0.8932996
4,89,0.80328286
4,90,0.9715036
4,91,0.9692974
4,92,0.9523882
4,93,0.61462045
4,94,0.55425537
4,95,0.8354033
4,96,0.970413
4,97,0.86254483
4,98,0.9243644
4,99,0.86354107
5,0,0.8977415
5,1,0.81790304
5,2,0.94280714
5,3,0.7272361
5,4,0.86453503
5,6,0.94730175
5,7,0.90813744
5,8,0.8980506
5,9,0.8304718
5,10,0.7523897
5,11,0.9272688
5,12,0.96291775
5,13,0.8646903
5,14,0.66634244
5,15,0.90494627
5,16,0.9039484
5,17,0.981794
5,18,0.9517854
5,19,0.8182768
5,20,0.96813697
5,21,0.9078429
5,22,0.76087064
5,23,0.71436965
5,24,0.9420282
5,25,0.92162585
5,26,0.79077995
5,27,0.8727095
5,28,0.9366732
5,29,0.643522
5,30,0.90792876
5,31,0.4700623
5,32,0.87900835
5,33,0.9523615
5,34,0.71251494
5,35,0.4862283
5,36,0.4709472
5,37,0.8537471
5,38,0.89225703
5,39,0.9057653
5,40,0.79682946
5,41,0.83231694
5,42,0.92386043
5,43,0.6257996
5,44,0.8222695
5,45,0.8064087
5,46,0.90044427
5,47,0.7538239
5,48,0.8373272
5,49,0.88985026
5,50,0.8641506
5,51,0.68409014
5,52,0.8755795
5,53,0.78665316
5,54,0.9600309
5,55,0.9152281
5,56,0.7681571
5,57,0.90581864
5,58,0.9094454
5,59,0.9409804
5,60,0.962693
5,61,0.9530716
5,62,0.9558812
5,63,0.81822723
5,64,0.83722794
5,65,0.83259344
5,66,0.9311599
5,67,0.9068979
5,68,0.6824286
5,69,0.9087507
5,70,0.78596467
5,71,0.9784399
5,72,0.89563334
5,73,0.7234094
5,74,0.86408204
5,75,0.93635184
5,76,0.76443434
5,77,0.9239296
5,78,0.80843633
5,79,0.91111505
5,80,0.7582839
5,81,0.9597647
5,82,0.7839969
5,83,0.94181746
5,84,0.8628567
5,85,0.90180784
5,86,0.8841762
5,87,0.8009884
5,88,0.8383028
5,89,0.6936016
5,90,0.81985986
5,91,0.9060212
5,92,0.9168361
5,93,0.6695589
5,94,0.6117548
5,95,0.9693808
5,96,0.9138744
5,97,0.96877414
5,98,0.9497868
5,99,0.7976565
6,0,0.935734
6,1,0.8204922
6,2,0.91554683
6,3,0.7743781
6,4,0.9309098
6,5,0.94730175
6,7,0.9143974
6,8,0.88021296
6,9,0.9037469
6,10,0.89559585
6,11,0.9650652
6,12,0.9852018
6,13,0.81632656
6,14,0.6810645
6,15,0.9735944
6,16,0.9793382
6,17,0.9561831
6,18,0.90118855
6,19,0.91997284
6,20,0.9651161
6,21,0.96735686
6,22,0.83234626
6,23,0.83633816
6,24,0.9380906
6,25,0.9403495
6,26,0.87885165
6,27,0.94954973
6,28,0.8535818
6,29,0.6740982
6,30,0.88035107
6,31,0.59039354
6,32,0.7636828
6,33,0.98498726
6,34,0.7710579
6,35,0.39348426
6,36,0.59916276
6,37,0.94346476
6,38,0.94247884
6,39,0.93381965
6,40,0.848667
6,41,0.9454161
6,42,0.9649925
6,43,0.7858973
6,44,0.9233232
6,45,0.7979571
6,46,0.95467156
6,47,0.8532547
6,48,0.9270682
6,49,0.91557527
6,50,0.8030595
6,51,0.784237
6,52,0.95114464
6,53,0.9014218
6,54,0.95798445
6,55,0.9562704
6,56,0.8631075
6,57,0.9732106
6,58,0.9577211
6,59,0.9690134
6,60,0.9167353
6,61,0.88209814
6,62,0.95323676
6,63,0.8292227
6,64,0.9234228
6,65,0.92135113
6,66,0.9677415
6,67,0.8607687
6,68,0.8062482
6,69,0.9715193
6,70,0.81629145
6,71,0.9151338
6,72,0.92973256
6,73,0.8097685
6,74,0.9572558
6,75,0.97353345
6,76,0.89217883
6,77,0.9330173
6,78,0.9242179
6,79,0.8872372
6,80,0.8821564
6,81,0.9825495
6,82,0.8274093
6,83,0.9568882
6,84,0.89398307
6,85,0.93711877
6,86,0.88207084
6,87,0.8737793
6,88,0.92614275
6,89,0.76800585
6,90,0.9126831
6,91,0.93898517
6,92,0.964625
6,93,0.6374862
6,94,0.6100696
6,95,0.90463793
6,96,0.9705601
6,97,0.9233676
6,98,0.9620077
6,99,0.8674543
7,0,0.9570477
7,1,0.93184584
7,2,0.77663964
7,3,0.8935155
7,4,0.9175704
7,5,0.90813744
7,6,0.9143974
7,8,0.9499464
7,9,0.94119644
7,10,0.87038213
7,11,0.9123349
7,12,0.9467351
7,13,0.94855964
7,14,0.82517827
7,15,0.87354153
7,16,0.90218323
7,17,0.90619266
7,18,0.81705844
7,19,0.9338999
7,20,0.91385853
7,21,0.9238863
7,22,0.88578653
7,23,0.8914861
7,24,0.95121664
7,25,0.84430516
7,26,0.9243593
7,27,0.93344486
7,28,0.9191713
7,29,0.82487446
7,30,0.96588516
7,31,0.70747524
7,32,0.88232946
7,33,0.905411
7,34,0.8733498
7,35,0.65571666
7,36,0.7285169
7,37,0.8875973
7,38,0.94177526
7,39,0.95470375
7,40,0.9500649
7,41,0.88611764
7,42,0.8721337
7,43,0.83612573
7,44,0.8950062
7,45,0.92444867
7,46,0.94779015
7,47,0.92424595
7,48,0.7772132
7,49,0.92095345
7,50,0.93919635
7,51,0.8826019
7,52,0.9325354
7,53,0.7691712
7,54,0.8638291
7,55,0.9430445
7,56,0.92555976
7,57,0.9312711
7,58,0.9359804
7,59,0.9332236
7,60,0.86843705
7,61,0.9067237
7,62,0.85420334
7,63,0.93883294
7,64,0.8285736
7,65,0.898942
7,66,0.8340168
7,67,0.9601064
7,68,0.8053563
7,69,0.92223233
7,70,0.9371196
7,71,0.9051588
7,72,0.9490004
7,73,0.89812315
7,74,0.87025636
7,75,0.9211652
7,76,0.9083129
7,77,0.9288039
7,78,0.90762
7,79,0.85954434
7,80,0.8982952
7,81,0.9503808
7,82,0.8980602
7,83,0.95283866
7,84,0.95902085
7,85,0.94395095
7,86,0.94733375
7,87,0.93864465
7,88,0.90572834
7,89,0.88049537
7,90,0.87904185
7,91,0.97291476
7,92,0.95179
7,93,0.8221446
7,94,0.75941104
7,95,0.9195788
7,96,0.8998177
7,97,0.9238552
7,98,0.87016034
7,99,0.9362416
8,0,0.9019414
8,1,0.9047422
8,2,0.78555226
8,3,0.8086859
8,4,0.85246664
8,5,0.8980506
8,6,0.88021296
8,7,0.9499464
8,9,0.9258205
8,10,0.80624866
8,11,0.8473995
8,12,0.9177103
8,13,0.9016351
8,14,0.73528624
8,15,0.8382362
8,16,0.8607791
8,17,0.909763
8,18,0.8441508
8,19,0.8801012
8,20,0.9063049
8,21,0.9010517
8,22,0.81948805
8,23,0.82049805
8,24,0.92956257
8,25,0.8221996
8,26,0.87143457
8,27,0.87876534
8,28,0.9396318
8,29,0.76148385
8,30,0.948072
8,31,0.5880658
8,32,0.9067947
8,33,0.8717694
8,34,0.82468945
8,35,0.62144136
8,36,0.6568997
8,37,0.8491425
8,38,0.8669045
8,39,0.9220158
8,40,0.8795604
8,41,0.8342817
8,42,0.8784719
8,43,0.7409275
8,44,0.86710435
8,45,0.853522
8,46,0.9114341
8,47,0.83802485
8,48,0.7148161
8,49,0.8737249
8,50,0.9321411
8,51,0.7931068
8,52,0.9110663
8,53,0.71978724
8,54,0.85168964
8,55,0.92396855
8,56,0.84990275
8,57,0.89291775
8,58,0.92719525
8,59,0.9125441
8,60,0.8499577
8,61,0.9317789
8,62,0.8371515
8,63,0.8862587
8,64,0.8343039
8,65,0.8064319
8,66,0.8150932
8,67,0.9619165
8,68,0.72176737
8,69,0.88300365
8,70,0.9002997
8,71,0.9185181
8,72,0.8925696
8,73,0.81141526
8,74,0.85051686
8,75,0.8808042
8,76,0.8574514
8,77,0.92977464
8,78,0.8575547
8,79,0.8191364
8,80,0.852545
8,81,0.92506266
8,82,0.80969524
8,83,0.9521769
8,84,0.9232228
8,85,0.8815744
8,86,0.9121999
8,87,0.88715327
8,88,0.89102596
8,89,0.7975849
8,90,0.8350992
8,91,0.9252269
8,92,0.9246969
8,93,0.7977915
8,94,0.7125882
8,95,0.91482794
8,96,0.8553098
8,97,0.93835294
8,98,0.86313194
8,99,0.8517877
9,0,0.9199215
9,1,0.9029102
9,2,0.73603946
9,3,0.83098817
9,4,0.9317751
9,5,0.8304718
9,6,0.9037469
9,7,0.94119644
9,8,0.9258205
9,10,0.9454834
9,11,0.86730576
9,12,0.9101269
9,13,0.8353349
9,14,0.7196634
9,15,0.90395665
9,16,0.9275408
9,17,0.83711475
9,18,0.77658355
9,19,0.9646992
9,20,0.85371375
9,21,0.9535065
9,22,0.86529994
9,23,0.92893845
9,24,0.9042514
9,25,0.82614535
9,26,0.9463103
9,27,0.9610327
9,28,0.81290656
9,29,0.74812865
9,30,0.8924692
9,31,0.6789945
9,32,0.7699272
9,33,0.8734879
9,34,0.83145195
9,35,0.49712968
9,36,0.74826366
9,37,0.9444977
9,38,0.8985666
9,39,0.9178804
9,40,0.93478024
9,41,0.9203715
9,42,0.8872759
9,43,0.89203924
9,44,0.96058905
9,45,0.82341385
9,46,0.91540855
9,47,0.941276
9,48,0.8001537
9,49,0.84586656
9,50,0.859068
9,51,0.8640533
9,52,0.95723295
9,53,0.8445365
9,54,0.82980084
9,55,0.96539056
9,56,0.9235088
9,57,0.9500857
9,58,0.96110624
9,59,0.9203567
9,60,0.76585954
9,61,0.84338313
9,62,0.8308202
9,63,0.8892893
9,64,0.9131748
9,65,0.8812971
9,66,0.8357433
9,67,0.8772744
9,68,0.80532926
9,69,0.91114616
9,70,0.902785
9,71,0.8215592
9,72,0.8905137
9,73,0.8891875
9,74,0.914091
9,75,0.8957099
9,76,0.96362925
9,77,0.93450874
9,78,0.9508118
9,79,0.8186777
9,80,0.9510333
9,81,0.9299582
9,82,0.835046
9,83,0.93276125
9,84,0.9621491
9,85,0.9084583
9,86,0.90311027
9,87,0.94105905
9,88,0.9519977
9,89,0.8582428
9,90,0.9266383
9,91,0.9511489
9,92,0.9437772
9,93,0.7149233
9,94,0.64650166
9,95,0.8056561
9,96,0.90617794
9,97,0.8578161
9,98,0.8686251
9,99,0.90501523
10,0,0.8946274
10,1,0.8182346
10,2,0.69761676
10,3,0.80389655
10,4,0.9270061
10,5,0.7523897
10,6,0.89559585
10,7,0.87038213
10,8,0.80624866
10,9,0.9454834
10,11,0.8698868
10,12,0.87307966
10,13,0.73151475
10,14,0.6843047
10,15,0.9168188
10,16,0.9338284
10,17,0.77962047
10,18,0.6975458
10,19,0.9704051
10,20,0.8142869
10,21,0.9371607
10,22,0.86262494
10,23,0.94279164
10,24,0.83975196
10,25,0.81077075
10,26,0.9385437
10,27,0.9552465
10,28,0.673384
10,29,0.71079075
10,30,0.7873553
10,31,0.73022646
10,32,0.60023946
10,33,0.8677747
10,34,0.8043235
10,35,0.3642161
10,36,0.76404095
10,37,0.9548355
10,38,0.90531284
10,39,0.8698206
10,40,0.9010492
10,41,0.9491982
10,42,0.86320144
10,43,0.94956774
10,44,0.9684557
10,45,0.75433284
10,46,0.90545756
10,47,0.93640715
10,48,0.8628741
10,49,0.8263999
10,50,0.7227212
10,51,0.8698228
10,52,0.9441973
10,53,0.9030627
10,54,0.7974885
10,55,0.92591125
10,56,0.9180294
10,57,0.9386801
10,58,0.92225885
10,59,0.88972217
10,60,0.707602
10,61,0.71394295
10,62,0.7998592
10,63,0.8232896
10,64,0.9066556
10,65,0.91817206
10,66,0.8322495
10,67,0.76487464
10,68,0.8623299
10,69,0.915664
10,70,0.8399053
10,71,0.7254118
10,72,0.87242377
10,73,0.89335334
10,74,0.9334676
10,75,0.87779254
10,76,0.9770709
10,77,0.874312
10,78,0.9732719
10,79,0.7547414
10,80,0.9729426
10,81,0.8899476
10,82,0.8194869
10,83,0.8693923
10,84,0.896299
10,85,0.88777435
10,86,0.82919973
10,87,0.919868
10,88,0.9490219
10,89,0.8479194
10,90,0.93917245
10,91,0.9123512
10,92,0.9174853
10,93,0.6119402
10,94,0.59353006
10,95,0.7076204
10,96,0.90755564
10,97,0.7634065
10,98,0.8304114
10,99,0.8981084
11,0,0.9478532
11,1,0.8104528
11,2,0.86444163
11,3,0.85033387
11,4,0.9181757
11,5,0.9272688
11,6,0.9650652
11,7,0.9123349
11,8,0.8473995
11,9,0.86730576
11,10,0.8698868
11,12,0.9640275
11,13,0.8556658
11,14,0.7850029
11,15,0.9395999
11,16,0.9448404
11,17,0.9401694
11,18,0.8527935
11,19,0.9040007
11,20,0.93695754
11,21,0.9312334
11,22,0.8938415
11,23,0.85082805
11,24,0.958667
11,25,0.8954104
11,26,0.895828
11,27,0.9252738
11,28,0.84117085
11,29,0.7635461
11,30,0.8878698
11,31,0.694466
11,32,0.7919507
11,33,0.9677642
11,34,0.8395223
11,35,0.50826716
11,36,0.6523283
11,37,0.9145556
11,38,0.97039837
11,39,0.95929086
11,40,0.8814821
11,41,0.9383013
11,42,0.90011
11,43,0.7834076
11,44,0.86933
11,45,0.86834615
11,46,0.9567004
11,47,0.85633314
11,48,0.8856269
11,49,0.9547133
11,50,0.7998181
11,51,0.83184654
11,52,0.9373876
11,53,0.8285257
11,54,0.90403384
11,55,0.9191392
11,56,0.89228886
11,57,0.9389256
11,58,0.90598804
11,59,0.96576625
11,60,0.9248705
11,61,0.8749167
11,62,0.904541
11,63,0.8882844
11,64,0.8380606
11,65,0.95925283
11,66,0.9237505
11,67,0.8603917
11,68,0.8553929
11,69,0.96376204
11,70,0.85724527
11,71,0.9006265
11,72,0.968852
11,73,0.8574969
11,74,0.9304503
11,75,0.9637741
11,76,0.8605754
11,77,0.9041054
11,78,0.9117563
11,79,0.86194485
11,80,0.87842554
11,81,0.9575631
11,82,0.9040337
11,83,0.9355661
11,84,0.88681483
11,85,0.93265647
11,86,0.8704898
11,87,0.90049154
11,88,0.9153364
11,89,0.83919895
11,90,0.8815203
11,91,0.93986434
11,92,0.92964566
11,93,0.7263672
11,94,0.711747
11,95,0.9040758
11,96,0.94000274
11,97,0.8894028
11,98,0.9137811
11,99,0.90408397
12,0,0.95021474
12,1,0.8639243
12,2,0.90154624
12,3,0.8130591
12,4,0.91844624
12,5,0.96291775
12,6,0.9852018
12,7,0.9467351
12,8,0.9177103
12,9,0.9101269
12,10,0.87307966
12,11,0.9640275
12,13,0.86927676
12,14,0.7307148
12,15,0.9463384
12,16,0.96013284
12,17,0.9700798
12,18,0.9060854
12,19,0.92146194
12,20,0.97523725
12,21,0.9587198
12,22,0.8539546
12,23,0.8421686
12,24,0.9564992
12,25,0.9301582
12,26,0.88934857
12,27,0.9447144
12,28,0.90121734
12,29,0.7234904
12,30,0.92107934
12,31,0.6151535
12,32,0.82663816
12,33,0.9817052
12,34,0.8110978
12,35,0.48691908
12,36,0.62564766
12,37,0.92270833
12,38,0.95203036
12,39,0.9506074
12,40,0.8730255
12,41,0.9372714
12,42,0.9491139
12,43,0.78055406
12,44,0.9091528
12,45,0.8455981
12,46,0.9686875
12,47,0.8597432
12,48,0.8954131
12,49,0.9431187
12,50,0.8582529
12,51,0.8065519
12,52,0.958177
12,53,0.8592546
12,54,0.95295656
12,55,0.9539981
12,56,0.8801533
12,57,0.9614245
12,58,0.9564719
12,59,0.97108924
12,60,0.9369557
12,61,0.91650623
12,62,0.9427883
12,63,0.8645401
12,64,0.8914965
12,65,0.9176484
12,66,0.9433901
12,67,0.9087126
12,68,0.8063904
12,69,0.9756809
12,70,0.86210155
12,71,0.9427674
12,72,0.9487381
12,73,0.83150715
12,74,0.9413383
12,75,0.9728644
12,76,0.88252586
12,77,0.9434025
12,78,0.9153054
12,79,0.8868874
12,80,0.8808967
12,81,0.98596334
12,82,0.85117555
12,83,0.97824335
12,84,0.9122105
12,85,0.94786847
12,86,0.90680146
12,87,0.8951542
12,88,0.92297107
12,89,0.7978114
12,90,0.89884555
12,91,0.95179033
12,92,0.96989155
12,93,0.7076343
12,94,0.6718669
12,95,0.9435989
12,96,0.9573205
12,97,0.95123166
12,98,0.94746995
12,99,0.8879105
13,0,0.9008345
13,1,0.9207437
13,2,0.68920314
13,3,0.91406476
13,4,0.8254828
13,5,0.8646903
13,6,0.81632656
13,7,0.94855964
13,8,0.9016351
13,9,0.8353349
13,10,0.73151475
13,11,0.8556658
13,12,0.86927676
13,14,0.8696943
13,15,0.7436596
13,16,0.76970494
13,17,0.84766775
13,18,0.7438406
13,19,0.8237918
13,20,0.85462135
13,21,0.8045632
13,22,0.8444661
13,23,0.8044594
13,24,0.9167996
13,25,0.7558621
13,26,0.8443848
13,27,0.83495384
13,28,0.9303017
13,29,0.86557776
13,30,0.97033983
13,31,0.712828
13,32,0.9322305
13,33,0.81110966
13,34,0.8568613
13,35,0.7965981
13,36,0.6878026
13,37,0.76298714
13,38,0.8750735
13,39,0.90596086
13,40,0.90969986
13,41,0.76842314
13,42,0.7486534
13,43,0.71841973
13,44,0.7481226
13,45,0.96656847
13,46,0.8735215
13,47,0.8551182
13,48,0.64204097
13,49,0.8889937
13,50,0.9529648
13,51,0.85109407
13,52,0.83465236
13,53,0.5923433
13,54,0.774229
13,55,0.8389432
13,56,0.87191576
13,57,0.81599605
13,58,0.8347992
13,59,0.8487184
13,60,0.8544062
13,61,0.8942715
13,62,0.75129
13,63,0.93157005
13,64,0.6574835
13,65,0.81930035
13,66,0.7259696
13,67,0.9657253
13,68,0.719644
13,69,0.823231
13,70,0.9254994
13,71,0.87655157
13,72,0.9177329
13,73,0.85590607
13,74,0.730156
13,75,0.8404419
13,76,0.7928632
13,77,0.8539518
13,78,0.78609794
13,79,0.80423295
13,80,0.7814932
13,81,0.86445385
13,82,0.8822437
13,83,0.89062506
13,84,0.9060347
13,85,0.8997878
13,86,0.918915
13,87,0.8847123
13,88,0.79608566
13,89,0.86720896
13,90,0.77086616
13,91,0.91752535
13,92,0.84443766
13,93,0.8852608
13,94,0.81623864
13,95,0.9154478
13,96,0.7916559
13,97,0.86561126
13,98,0.75974405
13,99,0.89307123
14,0,0.8243694
14,1,0.7129113
14,2,0.4429427
14,3,0.9628671
14,4,0.66783184
14,5,0.66634244
14,6,0.6810645
14,7,0.82517827
14,8,0.73528624
14,9,0.7196634
14,10,0.6843047
14,11,0.7850029
14,12,0.7307148
14,13,0.8696943
14,15,0.6060277
14,16,0.641674
14,17,0.699326
14,18,0.46510348
14,19,0.7572161
14,20,0.6847691
14,21,0.6477788
14,22,0.9294421
14,23,0.8435674
14,24,0.7996802
14,25,0.50312376
14,26,0.85808593
14,27,0.6932481
14,28,0.69828993
14,29,0.9759076
14,30,0.7959647
14,31,0.9221401
14,32,0.7514008
14,33,0.69330245
14,34,0.95308745
14,35,0.87298375
14,36,0.8799257
14,37,0.62719333
14,38,0.85620034
14,39,0.85901767
14,40,0.8860184
14,41,0.73854345
14,42,0.55270404
14,43,0.76335174
14,44,0.6486081
14,45,0.944511
14,46,0.8154878
14,47,0.828764
14,48,0.48239687
14,49,0.8824982
14,50,0.7389925
14,51,0.92385703
14,52,0.7537016
14,53,0.4471101
14,54,0.5328081
14,55,0.6697033
14,56,0.88661665
14,57,0.66963667
14,58,0.6444937
14,59,0.7495787
14,60,0.663349
14,61,0.66092867
14,62,0.5147203
14,63,0.9261762
14,64,0.47125447
14,65,0.826455
14,66,0.52827704
14,67,0.7792832
14,68,0.8726065
14,69,0.74855906
14,70,0.89876
14,71,0.6467503
14,72,0.881393
14,73,0.9165819
14,74,0.67548287
14,75,0.6987413
14,76,0.74173987
14,77,0.63933057
14,78,0.7754548
14,79,0.5194004
14,80,0.7797268
14,81,0.7063824
14,82,0.9306195
14,83,0.72365564
14,84,0.74082875
14,85,0.7285445
14,86,0.7011867
14,87,0.8812506
14,88,0.7582892
14,89,0.9415502
14,90,0.5918348
14,91,0.7762296
14,92,0.70149666
14,93,0.95942086
14,94,0.9662566
14,95,0.7303724
14,96,0.6113847
14,97,0.6482086
14,98,0.5390118
14,99,0.914043
15,0,0.90487736
15,1,0.78154874
15,2,0.9092486
15,3,0.7124196
15,4,0.944809
15,5,0.90494627
15,6,0.9735944
15,7,0.87354153
15,8,0.8382362
15,9,0.90395665
15,10,0.9168188
15,11,0.9395999
15,12,0.9463384
15,13,0.7436596
15,14,0.6060277
15,16,0.9894886
15,17,0.91464
15,18,0.88561285
15,19,0.90852207
15,20,0.9241054
15,21,0.9799636
15,22,0.79671144
15,23,0.8237289
15,24,0.9091216
15,25,0.93576527
15,26,0.8651946
15,27,0.9448232
15,28,0.7831906
15,29,0.6105182
15,30,0.8224202
15,31,0.5455825
15,32,0.7007079
15,33,0.9657646
15,34,0.7189733
15,35,0.2835286
15,36,0.56070393
15,37,0.9736159
15,38,0.91577446
15,39,0.90024585
15,40,0.8212288
15,41,0.9380974
15,42,0.965617
15,43,0.7854359
15,44,0.9407603
15,45,0.72961944
15,46,0.91531736
15,47,0.82651615
15,48,0.9398666
15,49,0.8542047
15,50,0.74355847
15,51,0.74189067
15,52,0.9362814
15,53,0.9257834
15,54,0.9430552
15,55,0.9599121
15,56,0.82638794
15,57,0.9788007
15,58,0.9502449
15,59,0.9617655
15,60,0.86754584
15,61,0.84399563
15,62,0.9505625
15,63,0.793138
15,64,0.95915496
15,65,0.9070391
15,66,0.9647884
15,67,0.80345315
15,68,0.7839794
15,69,0.9482698
15,70,0.7685777
15,71,0.87502825
15,72,0.8882026
15,73,0.7756551
15,74,0.9644271
15,75,0.9588403
15,76,0.88789153
15,77,0.9292852
15,78,0.92161477
15,79,0.8868485
15,80,0.88427407
15,81,0.9644523
15,82,0.79101455
15,83,0.92459005
15,84,0.8822334
15,85,0.9073312
15,86,0.85017824
15,87,0.8422387
15,88,0.92843866
15,89,0.73263353
15,90,0.93078583
15,91,0.92157775
15,92,0.9479488
15,93,0.5519187
15,94,0.5161405
15,95,0.8346686
15,96,0.9721923
15,97,0.87884426
15,98,0.9668218
15,99,0.8254665
16,0,0.92466515
16,1,0.81127477
16,2,0.8894623
16,3,0.7509572
16,4,0.95551765
16,5,0.9039484
16,6,0.9793382
16,7,0.90218323
16,8,0.8607791
16,9,0.9275408
16,10,0.9338284
16,11,0.9448404
16,12,0.96013284
16,13,0.76970494
16,14,0.641674
16,15,0.9894886
16,17,0.9154974
16,18,0.8768162
16,19,0.93665844
16,20,0.9260221
16,21,0.98628116
16,22,0.82430905
16,23,0.8581148
16,24,0.9223748
16,25,0.93187696
16,26,0.8900122
16,27,0.9637616
16,28,0.80372065
16,29,0.64520204
16,30,0.84869194
16,31,0.5860787
16,32,0.7174729
16,33,0.9672651
16,34,0.7573804
16,35,0.3293639
16,36,0.60364825
16,37,0.9782016
16,38,0.9285011
16,39,0.91881067
16,40,0.8550047
16,41,0.95307475
16,42,0.9655425
16,43,0.8221336
16,44,0.95402867
16,45,0.759987
16,46,0.9361431
16,47,0.86353856
16,48,0.9348254
16,49,0.87420493
16,50,0.7780164
16,51,0.78205806
16,52,0.953154
16,53,0.9287884
16,54,0.9373701
16,55,0.9697489
16,56,0.86210763
16,57,0.9887411
16,58,0.960853
16,59,0.9655718
16,60,0.86994636
16,61,0.85312486
16,62,0.9446713
16,63,0.8203934
16,64,0.9588791
16,65,0.9228431
16,66,0.9571293
16,67,0.8285264
16,68,0.80659527
16,69,0.9618452
16,70,0.8062949
16,71,0.878974
16,72,0.9060777
16,73,0.8111591
16,74,0.96677727
16,75,0.9681364
16,76,0.9134778
16,77,0.9340305
16,78,0.9409906
16,79,0.8887996
16,80,0.91212434
16,81,0.9736053
16,82,0.8206777
16,83,0.938108
16,84,0.90639406
16,85,0.9259514
16,86,0.87954515
16,87,0.8717103
16,88,0.9384412
16,89,0.76664895
16,90,0.9446179
16,91,0.93914723
16,92,0.96643007
16,93,0.5912773
16,94,0.5565204
16,95,0.8480546
16,96,0.97739124
16,97,0.89259857
16,98,0.9640513
16,99,0.85811734
17,0,0.91059583
17,1,0.79361963
17,2,0.93164724
17,3,0.7492597
17,4,0.85445017
17,5,0.981794
17,6,0.9561831
17,7,0.90619266
17,8,0.909763
17,9,0.83711475
17,10,0.77962047
17,11,0.9401694
17,12,0.9700798
17,13,0.84766775
17,14,0.699326
17,15,0.91464
17,16,0.9154974
17,18,0.9306111
17,19,0.84030366
17,20,0.9820399
17,21,0.91503227
17,22,0.80626726
17,23,0.7502739
17,24,0.94910634
17,25,0.9083669
17,26,0.8216473
17,27,0.866536
17,28,0.92006326
17,29,0.6867634
17,30,0.8928558
17,31,0.5249685
17,32,0.8537752
17,33,0.97016877
17,34,0.76542556
17,35,0.49366978
17,36,0.5339827
17,37,0.8589075
17,38,0.91731274
17,39,0.9282827
17,40,0.8041699
17,41,0.86665463
17,42,0.9333413
17,43,0.66285783
17,44,0.84429866
17,45,0.8102768
17,46,0.9357529
17,47,0.7625678
17,48,0.8408557
17,49,0.92594844
17,50,0.83439887
17,51,0.72070736
17,52,0.9041561
17,53,0.79343414
17,54,0.94921076
17,55,0.9152603
17,56,0.79491967
17,57,0.9098401
17,58,0.9097003
17,59,0.95838827
17,60,0.9566236
17,61,0.93016464
17,62,0.9383895
17,63,0.82994103
17,64,0.84582245
17,65,0.86138964
17,66,0.9309498
17,67,0.90088373
17,68,0.7499791
17,69,0.938947
17,70,0.8060874
17,71,0.9666662
17,72,0.91902834
17,73,0.75444496
17,74,0.904577
17,75,0.9433655
17,76,0.79023594
17,77,0.91449744
17,78,0.84771115
17,79,0.86267716
17,80,0.7992867
17,81,0.96173316
17,82,0.8072706
17,83,0.9491241
17,84,0.84530616
17,85,0.8916952
17,86,0.85886705
17,87,0.8272388
17,88,0.8775272
17,89,0.7227357
17,90,0.81793
17,91,0.9042434
17,92,0.93042785
17,93,0.70285857
17,94,0.6618414
17,95,0.96320295
17,96,0.9119686
17,97,0.96365494
17,98,0.939451
17,99,0.8232181
18,0,0.80526143
18,1,0.7739243
18,2,0.961188
18,3,0.5612934
18,4,0.8397534
18,5,0.9517854
18,6,0.90118855
18,7,0.81705844
18,8,0.8441508
18,9,0.77658355
18,10,0.6975458
18,11,0.8527935
18,12,0.9060854
18,13,0.7438406
18,14,0.46510348
18,15,0.88561285
18,16,0.8768162
18,17,0.9306111
18,19,0.7594994
18,20,0.9187004
18,21,0.8879447
18,22,0.61619323
18,23,0.58860505
18,24,0.868253
18,25,0.948167
18,26,0.6698145
18,27,0.83310735
18,28,0.8853149
18,29,0.4458637
18,30,0.82912767
18,31,0.278669
18,32,0.8034727
18,33,0.9027207
18,34,0.5575936
18,35,0.29422116
18,36,0.28999743
18,37,0.8303552
18,38,0.78194195
18,39,0.8064668
18,40,0.6791293
18,41,0.76718974
18,42,0.91449445
18,43,0.52388304
18,44,0.7709362
18,45,0.651645
18,46,0.8236367
18,47,0.6408722
18,48,0.8532202
18,49,0.7687402
18,50,0.7935092
18,51,0.5196017
18,52,0.82598215
18,53,0.8153806
18,54,0.9629585
18,55,0.88620913
18,56,0.6442755
18,57,0.87109095
18,58,0.88462085
18,59,0.8794887
18,60,0.9204849
18,61,0.92141986
18,62,0.97115654
18,63,0.6817637
18,64,0.862257
18,65,0.7439122
18,66,0.94522595
18,67,0.8342047
18,68,0.53394246
18,69,0.85324395
18,70,0.65798795
18,71,0.9535035
18,72,0.7856448
18,73,0.5742702
18,74,0.8281051
18,75,0.886531
18,76,0.68958384
18,77,0.919959
18,78,0.7267541
18,79,0.9290073
18,80,0.6792433
18,81,0.91215146
18,82,0.6358755
18,83,0.8975053
18,84,0.8091752
18,85,0.85185426
18,86,0.8365106
18,87,0.6898272
18,88,0.7672532
18,89,0.53649515
18,90,0.8207459
18,91,0.84602576
18,92,0.8794105
18,93,0.4903893
18,94,0.41553354
18,95,0.9054795
18,96,0.9100984
18,97,0.95214796
18,98,0.9611624
18,99,0.6580891
19,0,0.9377023
19,1,0.8875057
19,2,0.7258766
19,3,0.865181
19,4,0.9419618
19,5,0.8182768
19,6,0.91997284
19,7,0.9338999
19,8,0.8801012
19,9,0.9646992
19,10,0.9704051
19,11,0.9040007
19,12,0.92146194
19,13,0.8237918
19,14,0.7572161
19,15,0.90852207
19,16,0.93665844
19,17,0.84030366
19,18,0.7594994
19,20,0.8625064
19,21,0.9482029
19,22,0.8932898
19,23,0.9443076
19,24,0.89495873
19,25,0.8452302
19,26,0.949151
19,27,0.9690239
19,28,0.7787258
19,29,0.7707506
19,30,0.87278116
19,31,0.7554466
19,32,0.71604556
19,33,0.8994476
19,34,0.8603156
19,35,0.48824474
19,36,0.7850766
19,37,0.9405443
19,38,0.9390193
19,39,0.91515636
19,40,0.9435693
19,41,0.95859677
19,42,0.8759027
19,43,0.94409865
19,44,0.9567551
19,45,0.8321204
19,46,0.94978684
19,47,0.9540573
19,48,0.858957
19,49,0.89007735
19,50,0.816097
19,51,0.89823025
19,52,0.9727338
19,53,0.87944114
19,54,0.83385503
19,55,0.9441633
19,56,0.9487161
19,57,0.9488892
19,58,0.9447202
19,59,0.9170715
19,60,0.78097373
19,61,0.7922463
19,62,0.8298236
19,63,0.8805523
19,64,0.889164
19,65,0.9436214
19,66,0.84767175
19,67,0.85554737
19,68,0.8660848
19,69,0.95153356
19,70,0.90429753
19,71,0.805832
19,72,0.921376
19,73,0.9217146
19,74,0.935739
19,75,0.9078928
19,76,0.97646624
19,77,0.9134788
19,78,0.97357774
19,79,0.80103457
19,80,0.9730742
19,81,0.926473
19,82,0.87158275
19,83,0.9247288
19,84,0.93621296
19,85,0.9335087
19,86,0.8903626
19,87,0.9544607
19,88,0.9483039
19,89,0.88413185
19,90,0.93771905
19,91,0.95465136
19,92,0.95975554
19,93,0.7136691
19,94,0.68675464
19,95,0.8037805
19,96,0.9243065
19,97,0.8452594
19,98,0.8569596
19,99,0.93478703
20,0,0.91997993
20,1,0.8259987
20,2,0.9299977
20,3,0.7578106
20,4,0.8849409
20,5,0.96813697
20,6,0.9651161
20,7,0.91385853
20,8,0.9063049
20,9,0.85371375
20,10,0.8142869
20,11,0.93695754
20,12,0.97523725
20,13,0.85462135
20,14,0.6847691
20,15,0.9241054
20,16,0.9260221
20,17,0.9820399
20,18,0.9187004
20,19,0.8625064
20,21,0.92707145
20,22,0.79386234
20,23,0.7669756
20,24,0.94038916
20,25,0.9332144
20,26,0.82798785
20,27,0.88953865
20,28,0.9164983
20,29,0.6853887
20,30,0.902228
20,31,0.5432352
20,32,0.8214885
20,33,0.9721534
20,34,0.7617179
20,35,0.45473373
20,36,0.5507865
20,37,0.8834397
20,38,0.91713
20,39,0.918129
20,40,0.8076423
20,41,0.8893659
20,42,0.9499561
20,43,0.7036353
20,44,0.8679754
20,45,0.80885625
20,46,0.9429083
20,47,0.78838754
20,48,0.8765065
20,49,0.9187028
20,50,0.8402113
20,51,0.74557126
20,52,0.9152078
20,53,0.8169563
20,54,0.96201795
20,55,0.9241675
20,56,0.81698143
20,57,0.9283401
20,58,0.9348183
20,59,0.9474047
20,60,0.9535783
20,61,0.91665673
20,62,0.938757
20,63,0.81193924
20,64,0.86674124
20,65,0.8706238
20,66,0.9391512
20,67,0.9086265
20,68,0.74846387
20,69,0.94701886
20,70,0.81249785
20,71,0.9571467
20,72,0.9234653
20,73,0.762384
20,74,0.9102082
20,75,0.95730406
20,76,0.82943445
20,77,0.92238146
20,78,0.8648061
20,79,0.8769919
20,80,0.8184418
20,81,0.9697803
20,82,0.7955191
20,83,0.95741004
20,84,0.86258006
20,85,0.92606294
20,86,0.87802905
20,87,0.83237374
20,88,0.8812481
20,89,0.7289185
20,90,0.859001
20,91,0.922719
20,92,0.9468789
20,93,0.6739977
20,94,0.6344343
20,95,0.9572919
20,96,0.9328144
20,97,0.94989395
20,98,0.9400287
20,99,0.83008426
21,0,0.926568
21,1,0.8610422
21,2,0.8774296
21,3,0.7630237
21,4,0.96285313
21,5,0.9078429
21,6,0.96735686
21,7,0.9238863
21,8,0.9010517
21,9,0.9535065
21,10,0.9371607
21,11,0.9312334
21,12,0.9587198
21,13,0.8045632
21,14,0.6477788
21,15,0.9799636
21,16,0.98628116
21,17,0.91503227
21,18,0.8879447
21,19,0.9482029
21,20,0.92707145
21,22,0.82602787
21,23,0.86358047
21,24,0.932573
21,25,0.9323301
21,26,0.9008559
21,27,0.9729917
21,28,0.83437693
21,29,0.6631456
21,30,0.87804484
21,31,0.58164847
21,32,0.76091236
21,33,0.9541793
21,34,0.765978
21,35,0.37517712
21,36,0.613408
21,37,0.98083043
21,38,0.9232795
21,39,0.9223947
21,40,0.8763783
21,41,0.9405274
21,42,0.9618273
21,43,0.82708704
21,44,0.96371233
21,45,0.7792051
21,46,0.9364833
21,47,0.8745211
21,48,0.91075194
21,49,0.8684108
21,50,0.82428414
21,51,0.7850268
21,52,0.965039
21,53,0.91687506
21,54,0.93719584
21,55,0.9883508
21,56,0.86630505
21,57,0.98644024
21,58,0.9809538
21,59,0.96748155
21,60,0.86456203
21,61,0.88172764
21,62,0.94089955
21,63,0.84145164
21,64,0.9634321
21,65,0.9071654
21,66,0.94557214
21,67,0.8680386
21,68,0.7838068
21,69,0.9576718
21,70,0.8353841
21,71,0.8961188
21,72,0.90594435
21,73,0.8236207
21,74,0.9593666
21,75,0.9582131
21,76,0.9222554
21,77,0.9681074
21,78,0.93867666
21,79,0.8980769
21,80,0.9194579
21,81,0.9767606
21,82,0.81361127
21,83,0.956457
21,84,0.93727493
21,85,0.93664294
21,86,0.90752083
21,87,0.89220196
21,88,0.95033073
21,89,0.7822043
21,90,0.95792776
21,91,0.9582905
21,92,0.97215545
21,93,0.6215689
21,94,0.5664762
21,95,0.8598197
21,96,0.97651947
21,97,0.91375136
21,98,0.96031624
21,99,0.8633079
22,0,0.9092691
22,1,0.77571094
22,2,0.607084
22,3,0.94939786
22,4,0.80778104
22,5,0.76087064
22,6,0.83234626
22,7,0.88578653
22,8,0.81948805
22,9,0.86529994
22,10,0.86262494
22,11,0.8938415
22,12,0.8539546
22,13,0.8444661
22,14,0.9294421
22,15,0.79671144
22,16,0.82430905
22,17,0.80626726
22,18,0.61619323
22,19,0.8932898
22,20,0.79386234
22,21,0.82602787
22,23,0.9487455
22,24,0.8883189
22,25,0.66247797
22,26,0.96624804
22,27,0.84995174
22,28,0.7271909
22,29,0.92218214
22,30,0.8292354
22,31,0.89087003
22,32,0.7380283
22,33,0.8297274
22,34,0.96909606
22,35,0.7106599
22,36,0.884712
22,37,0.8178466
22,38,0.9452958
22,39,0.94342935
22,40,0.9413935
22,41,0.8939506
22,42,0.7324526
22,43,0.87215054
22,44,0.83456945
22,45,0.91714895
22,46,0.9196375
22,47,0.9134049
22,48,0.6794336
22,49,0.9359087
22,50,0.7600238
22,51,0.9504473
22,52,0.9032161
22,53,0.6817839
22,54,0.6843085
22,55,0.83355844
22,56,0.95774454
22,57,0.8291422
22,58,0.8056841
22,59,0.8864291
22,60,0.7315691
22,61,0.74358124
22,62,0.68580717
22,63,0.95533556
22,64,0.7042647
22,65,0.9268052
22,66,0.717063
22,67,0.80844533
22,68,0.9502602
22,69,0.89005125
22,70,0.93278855
22,71,0.7333508
22,72,0.9423054
22,73,0.97161525
22,74,0.8631048
22,75,0.82464534
22,76,0.87537324
22,77,0.7916878
22,78,0.9228274
22,79,0.6372899
22,80,0.9251589
22,81,0.83938956
22,82,0.9484451
22,83,0.84344333
22,84,0.8446627
22,85,0.8272733
22,86,0.7795032
22,87,0.9691484
22,88,0.9236656
22,89,0.96662235
22,90,0.773632
22,91,0.8769646
22,92,0.83563054
22,93,0.88192374
22,94,0.88515633
22,95,0.770293
22,96,0.78399307
22,97,0.7512011
22,98,0.71582574
22,99,0.96546084
23,0,0.89994925
23,1,0.8172818
23,2,0.5815248
23,3,0.91880447
23,4,0.850892
23,5,0.71436965
23,6,0.83633816
23,7,0.8914861
23,8,0.82049805
23,9,0.92893845
23,10,0.94279164
23,11,0.85082805
23,12,0.8421686
23,13,0.8044594
23,14,0.8435674
23,15,0.8237289
23,16,0.8581148
23,17,0.7502739
23,18,0.58860505
23,19,0.9443076
23,20,0.7669756
23,21,0.86358047
23,22,0.9487455
23,24,0.84832215
23,25,0.6849212
23,26,0.9838299
23,27,0.9031409
23,28,0.6886929
23,29,0.8708661
23,30,0.819767
23,31,0.8684134
23,32,0.6679959
23,33,0.8125643
23,34,0.9219839
23,35,0.59293234
23,36,0.89631534
23,37,0.8775688
23,38,0.91603
23,39,0.90748394
23,40,0.95322585
23,41,0.9150936
23,42,0.76959884
23,43,0.9538337
23,44,0.9120055
23,45,0.86682415
23,46,0.90033764
23,47,0.96872634
23,48,0.71690834
23,49,0.87290263
23,50,0.76367414
23,51,0.9668217
23,52,0.9143733
23,53,0.75276524
23,54,0.6894274
23,55,0.8698771
23,56,0.97064203
23,57,0.8756864
23,58,0.85305226
23,59,0.8687412
23,60,0.675861
23,61,0.7035169
23,62,0.68704957
23,63,0.91597205
23,64,0.7817973
23,65,0.9085368
23,66,0.7181133
23,67,0.79072905
23,68,0.92851996
23,69,0.8778632
23,70,0.9258001
23,71,0.69113326
23,72,0.9043734
23,73,0.9715224
23,74,0.87020797
23,75,0.83283323
23,76,0.958456
23,77,0.8048775
23,78,0.9597351
23,79,0.65475994
23,80,0.974561
23,81,0.84461886
23,82,0.9081136
23,83,0.8462916
23,84,0.8894651
23,85,0.84963894
23,86,0.81810445
23,87,0.9683677
23,88,0.9391284
23,89,0.9522447
23,90,0.8474518
23,91,0.88997483
23,92,0.86201704
23,93,0.7924697
23,94,0.78278285
23,95,0.7081696
23,96,0.8076829
23,97,0.72118586
23,98,0.7278363
23,99,0.9627161
24,0,0.9578956
